-0.138197 -0.262866 -0.361803 -0.425325 -0.447214 -0.425325 -0.361803 -0.262866 -0.138197 
-0.262866 -0.425325 -0.425325 -0.262866 -5.47679e-17 0.262866 0.425325 0.425325 0.262866 
-0.361803 -0.425325 -0.138197 0.262866 0.447214 0.262866 -0.138197 -0.425325 -0.361803 
-0.425325 -0.262866 0.262866 0.425325 1.09536e-16 -0.425325 -0.262866 0.262866 0.425325 
-0.447214 -5.47679e-17 0.447214 1.09536e-16 -0.447214 -1.64304e-16 0.447214 2.19071e-16 -0.447214 
-0.425325 0.262866 0.262866 -0.425325 -1.64304e-16 0.425325 -0.262866 -0.262866 0.425325 
-0.361803 0.425325 -0.138197 -0.262866 0.447214 -0.262866 -0.138197 0.425325 -0.361803 
-0.262866 0.425325 -0.425325 0.262866 2.19071e-16 -0.262866 0.425325 -0.425325 0.262866 
-0.138197 0.262866 -0.361803 0.425325 -0.447214 0.425325 -0.361803 0.262866 -0.138197 
